2660   3
9   6
19   9
33   12
43   15
62   18
75   21
110   24
139   27
159   30
175   33
199   36
231   39
266   42
296   45
322   48
352   51
383   54
407   57
420   60
445   63
477   66
502   69
521   72
539   75
546   78
557   81
586   84
602   87
620   90
646   93
675   96
699   99
717   102
732   105
750   108
760   111
770   114
785   117
799   120
821   123
842   126
860   129
872   132
898   135
938   138
964   141
976   144
983   147
987   150
989   153
0   156
